100 400 364
1 5
2 5
3 5
4 5
5 5
6 5
7 5
8 5
9 5
10 5
11 5
12 5
13 5
14 5
15 5
16 5
17 5
18 5
19 5
20 5
21 5
22 5
23 5
24 5
25 5
26 5
27 5
28 6
29 5
30 5
31 5
32 5
33 5
34 5
35 5
36 5
37 5
38 5
39 5
40 4
41 5
42 5
43 5
44 5
45 5
46 5
47 6
48 5
49 5
50 6
51 5
52 5
53 5
54 3
55 5
56 5
57 5
58 5
59 3
60 5
61 5
62 3
63 5
64 5
65 5
66 3
67 5
68 5
69 4
70 5
71 5
72 5
73 4
74 5
75 5
76 5
230 5
278 5
279 6
300 5
2081 5
2082 5
2083 5
2084 5
2085 5
2086 5
2087 5
2088 5
2089 5
2090 5
2091 5
2092 5
2093 5
2094 5
2095 5
2096 5
2097 5
2098 5
2099 5
2100 5
1
29
80
81
26
27
92
24
88
84
60
18
12
55
14
21
71
72
54
68
95
53
15
89
54
48
75
76
77
59
60
75
96
88
58
85
52
27
39
77
99
11
1
6
7
8
9
5
31
68
92
93
94
14
28
3
13
50
94
80
44
28
53
54
82
4
34
31
42
98
79
81
4
82
87
88
24
33
9
90
93
94
55
56
57
7
66
67
51
32
21
91
76
2
78
22
23
8
92
72
4
61
62
57
59
60
35
36
74
1
2
15
16
17
16
40
51
10
11
72
99
61
83
63
56
96
9
26
56
42
75
66
85
84
69
70
58
59
49
23
3
25
26
31
39
52
6
38
39
40
41
20
14
15
16
17
90
27
28
91
92
46
15
16
7
65
64
61
62
65
41
32
93
85
2
19
20
59
21
22
87
37
38
36
37
73
81
82
44
45
27
17
18
98
30
40
47
100
79
40
17
22
13
14
12
13
14
20
21
22
28
51
52
35
36
79
80
81
29
30
31
32
78
36
80
43
34
22
88
89
32
12
93
70
20
55
8
38
62
63
64
46
86
49
48
49
91
92
41
89
64
72
45
64
96
84
85
95
97
19
20
21
68
69
70
86
87
88
6
13
25
52
30
31
5
6
95
33
74
100
41
94
16
97
2
11
48
43
16
47
65
66
69
57
100
45
77
78
79
90
4
77
19
99
71
72
34
81
82
70
29
30
53
54
55
56
86
23
24
23
24
25
66
62
63
64
49
50
3
6
54
55
44
39
36
50
51
7
33
60
63
82
89
30
76
77
94
47
74
70
10
50
51
52
1
2
63
64
65
76
26
45
83
71
72
97
17
8
10
35
67
56
87
25
26
67
60
53
18
1
69
78
53
15
89
54
48
75
76
77
59
60
75
96
88
58
85
52
27
39
77
99
11
1
29
80
81
26
27
92
24
88
84
60
18
12
55
14
21
71
53
15
89
54
48
75
76
77
59
60
75
96
88
58
85
52
27
39
77
99
11
1
67
5
6
7
8
9
5
31
68
92
93
94
14
28
3
13
50
94
80
44
28
53
54
82
4
34
31
42
98
79
81
82
82
87
88
24
33
9
90
93
94
55
56
57
7
66
67
51
32
21
91
76
2
78
22
23
8
92
72
4
61
62
57
59
60
35
36
74
1
2
15
16
17
16
40
51
10
11
72
99
61
83
63
56
96
9
26
56
42
75
66
85
84
69
70
58
59
49
23
3
25
26
31
39
52
6
38
39
40
41
20
14
15
16
17
90
27
28
91
92
46
15
16
7
65
64
61
62
65
41
32
93
85
2
19
20
59
21
22
87
37
38
36
37
73
81
82
44
45
27
17
18
98
30
40
47
100
79
40
17
22
13
14
12
13
14
20
21
22
28
51
52
35
36
79
80
81
29
30
31
32
78
36
80
43
34
22
88
89
32
12
93
70
20
55
8
38
62
63
64
46
86
49
48
49
91
92
41
89
64
72
45
64
96
84
85
95
97
19
20
21
68
69
70
86
87
88
6
13
25
52
30
31
5
6
95
33
74
100
41
94
16
97
2
11
48
43
16
47
65
66
69
57
100
45
77
78
79
90
4
77
19
99
71
72
34
81
82
70
29
30
53
54
55
56
86
23
24
23
24
25
66
62
63
64
49
50
3
6
54
55
44
39
36
50
51
7
33
60
63
82
89
30
76
77
94
47
74
70
10
50
51
52
1
2
63
64
65
76
26
45
83